30
33
32
32
35
34
34
37
36
36
39
27
30
29
32
31
28
31
30
30
33
32
29
32
31
31
30
28
31
30
30
33
32
32
35
34
34
37
36
36
39
29
27
30
29
29
32
31
31
34
29
28
27
27
30
29
29
32
31
31
29
32
31
29
32
31
29
31
30
29
32
31
31
34
32
32
35
33
28
31
30
30
27
30
29
29
32
31
29
32
31
30
33
32
32
35
30
30
33
32
32
35
34
34
37
36
36
39
37
37
40
39
39
42
41
41
44
43
43
46
45
27
30
27
29
32
31
31
34
33
33
36
35
35
38
37
35
38
37
37
40
29
32
31
31
34
33
33
36
35
35
38
37
37
40
39
39
35
33
25
29
30
30
27
30
29
29
30
33
26
26
30
33
32
32
27
29
32
29
29
32
31
31
34
33
33
36
35
35
38
37
37
40
27
30
33
32
32
31
30
30
33
32
32
35
34
34
37
36
36
27
30
29
29
31
27
30
29
29
32
30
30
29
29
29
27
29
32
31
31
34
33
33
36
35
28
31
30
30
33
32
32
35
34
34
28
30
30
33
32
32
35
34
34
37
30
33
25
27
30
29
27
30
29
29
32
30
32
31
31
34
33
33
36
35
35
38
30
28
31
30
27
29
32
31
31
34
33
30
33
32
32
35
34
34
37
29
32
31
27
29
30
28
29
32
30
30
28
31
30
29
32
31
31
34
33
33
30
33
32
32
35
34
34
37
36
36
39
38
38
41
40
40
43
42
42
45
44
44
47
46
45
36
35
30
33
32
32
28
31
30
33
32
32
35
34
27
30
29
26
29
28
30
33
32
32
34
33
32
35
34
34
37
36
26
29
28
28
31
28
31
29
29
32
31
31
29
30
26
27
28
28
29
27
30
29
29
32
31
28
27
27
26
26
29
28
28
31
30
29
32
31
31
34
33
33
30
29
29
32
28
31
29
32
31
30
33
32
32
33
30
27
30
29
30
29
32
31
29
32
31
31
34
33
33
36
35
35
38
37
37
40
39
39
42
41
41
44
43
41
44
43
43
44
43
43
46
45
45
48
47
29
32
31
31
32
31
29
32
27
30
29
29
32
31
31
34
29
29
32
28
28
31
30
30
33
27
30
29
29
32
31
31
34
33
33
36
35
35
38
29
32
31
31
34
33
33
36
35
35
38
37
37
40
39
39
39
30
33
32
32
35
34
34
30
33
25
28
31
29
32
25
25
28
27
27
30
29
29
32
31
31
34
33
33
36
35
35
38
37
27
28
31
30
30
33
32
32
35
34
34
37
36
36
39
38
38
41
35
25
28
29
32
28
28
31
30
30
33
32
29
32
31
31
34
33
28
31
29
29
32
27
30
33
26
26
29
26
29
32
30
30
29
29
32
31
31
34
33
33
36
35
35
29
28
28
31
28
28
28
31
28
28
29
27
30
29
29
32
31
31
34
33
33
36
35
35
30
29
29
32
31
31
34
33
28
31
30
29
28
31
30
30
33
32
32
35
34
34
37
29
29
32
31
31
27
26
27
30
29
29
28
27
30
33
30
33
32
32
35
34
28
31
30
30
33
32
32
35
34
34
37
36
36
39
38
34
37
36
36
39
38
38
41
40
39
42
41
40
43
42
42
45
44
44
47
46
46
49
48
48
51
50
50
53
52
38
41
40
40
43
42
42
27
30
29
29
29
28
28
31
27
27
29
30
29
