3.016500e+04  
-2.011000e+03  
-2.011000e+03  
-2.011000e+03  
-2.011000e+03  
-2.011000e+03  
-2.011000e+03  
-2.011000e+03  
-2.011000e+03  
-2.011000e+03  
-2.011000e+03  
-2.011000e+03  
-2.011000e+03  
-2.011000e+03  
-2.011000e+03  
-2.011000e+03  
3.217600e+04  
0.000000e+00  
0.000000e+00  
0.000000e+00  
0.000000e+00  
0.000000e+00  
0.000000e+00  
0.000000e+00  
0.000000e+00  
0.000000e+00  
0.000000e+00  
0.000000e+00  
0.000000e+00  
0.000000e+00  
0.000000e+00  
0.000000e+00  
2.013000e+03  
2.013721e+03  
2.013414e+03  
2.012307e+03  
2.011000e+03  
2.010127e+03  
2.010000e+03  
2.010459e+03  
2.011000e+03  
2.011108e+03  
2.010586e+03  
2.009693e+03  
2.009000e+03  
2.009045e+03  
2.010000e+03  
2.011541e+03  
0.000000e+00  
0.000000e+00  
0.000000e+00  
0.000000e+00  
0.000000e+00  
0.000000e+00  
0.000000e+00  
0.000000e+00  
0.000000e+00  
0.000000e+00  
0.000000e+00  
0.000000e+00  
0.000000e+00  
0.000000e+00  
0.000000e+00  
0.000000e+00  
4.656000e+03  
6.138409e+02  
1.782365e+03  
1.163758e+03  
5.639999e+02  
6.947025e+02  
1.410168e+01  
3.457561e+02  
-1.200000e+02  
-4.678305e+01  
-6.783657e+02  
-2.964684e+02  
-9.719999e+02  
-1.213760e+03  
-1.598102e+03  
-4.909046e+03  
-4.536000e+03  
-4.938409e+02  
-1.662365e+03  
-1.043758e+03  
-4.439999e+02  
-5.747025e+02  
1.058983e+02  
-2.257561e+02  
2.400000e+02  
1.667831e+02  
7.983657e+02  
4.164684e+02  
1.092000e+03  
1.333760e+03  
1.718102e+03  
5.029046e+03  
5.300000e+02  
-2.477319e+03  
-9.027889e+02  
-4.555934e+02  
-2.680000e+02  
-1.969160e+01  
-1.505432e+02  
-3.459230e+02  
-2.540000e+02  
-1.449460e+02  
-4.672111e+02  
-4.058476e+02  
-3.040000e+02  
-1.220433e+02  
9.525432e+02  
2.915364e+03  
2.998000e+03  
-1.044816e+03  
6.512539e+02  
1.659766e+02  
5.280001e+02  
-3.110320e+02  
-1.566182e+02  
-6.826132e+02  
-4.420000e+02  
3.708395e+02  
-5.932539e+02  
-4.162783e+02  
4.679999e+02  
1.105009e+03  
-8.693818e+02  
3.729148e+02  
