3.016500e+04  
-2.011000e+03  
-2.011000e+03  
-2.011000e+03  
-2.011000e+03  
-2.011000e+03  
-2.011000e+03  
-2.011000e+03  
-2.011000e+03  
-2.011000e+03  
-2.011000e+03  
-2.011000e+03  
-2.011000e+03  
-2.011000e+03  
-2.011000e+03  
-2.011000e+03  
3.217600e+04  
0.000000e+00  
0.000000e+00  
0.000000e+00  
0.000000e+00  
0.000000e+00  
0.000000e+00  
0.000000e+00  
0.000000e+00  
0.000000e+00  
0.000000e+00  
0.000000e+00  
0.000000e+00  
0.000000e+00  
0.000000e+00  
0.000000e+00  
2.013000e+03  
2.011541e+03  
2.010000e+03  
2.009045e+03  
2.009000e+03  
2.009693e+03  
2.010586e+03  
2.011108e+03  
2.011000e+03  
2.010459e+03  
2.010000e+03  
2.010127e+03  
2.011000e+03  
2.012307e+03  
2.013414e+03  
2.013721e+03  
0.000000e+00  
0.000000e+00  
0.000000e+00  
0.000000e+00  
0.000000e+00  
0.000000e+00  
0.000000e+00  
0.000000e+00  
0.000000e+00  
0.000000e+00  
0.000000e+00  
0.000000e+00  
0.000000e+00  
0.000000e+00  
0.000000e+00  
0.000000e+00  
-7.680000e+02  
1.136086e+03  
-5.800143e+02  
5.038959e+02  
-8.400005e+01  
3.717236e+01  
1.557501e+02  
-1.846011e+02  
7.680000e+02  
6.220298e+02  
-1.998572e+01  
-8.978040e+01  
8.400005e+01  
-4.512885e+02  
4.442500e+02  
-1.573514e+03  
0.000000e+00  
-1.904086e+03  
-1.879857e+02  
-1.271896e+03  
-6.839999e+02  
-8.051724e+02  
-9.237501e+02  
-5.833989e+02  
-1.536000e+03  
-1.390030e+03  
-7.480143e+02  
-6.782196e+02  
-8.520001e+02  
-3.167116e+02  
-1.212250e+03  
8.055142e+02  
5.402000e+03  
8.942510e+02  
-1.687371e+02  
1.187442e+02  
2.960000e+02  
4.341707e+02  
8.457665e+02  
9.764259e+02  
3.460000e+02  
7.882457e+02  
6.147372e+02  
4.807007e+02  
3.600000e+02  
-4.667191e+00  
9.623334e+01  
8.081290e+02  
-3.552000e+03  
4.486420e+03  
3.484055e+01  
4.384957e+02  
1.310000e+03  
1.433679e+03  
2.229725e+02  
5.620969e+02  
4.000000e+02  
5.199077e+02  
-5.284060e+01  
-6.236801e+00  
-5.699999e+02  
2.039930e+02  
-2.889725e+02  
1.609644e+03  
